202401012345678901
202402152345678902
202403202345678903
202404052345678904
202405102345678905
202406152345678906
202407202345678907
202408252345678908
202409302345678909
202410052345678910
202411102345678911
202412152345678912
202401202345678913
202402252345678914
202403302345678915
202404052345678916
202405102345678917
202406152345678918
202407202345678919
202408252345678920
202409302345678921
202410052345678922
202411102345678923
202412152345678924
202401202345678925
202402252345678926
202403302345678927
202404052345678928
202405102345678929
202406152345678930
202407202345678931
202408252345678932
202409302345678933
202410052345678934
202411102345678935
202412152345678936
202401202345678937
202402252345678938
202403302345678939
202404052345678940
202405102345678941
202406152345678942
202407202345678943
202408252345678944
202409302345678945
202410052345678946
202411102345678947
202412152345678948
202401202345678949
202402252345678950
202403302345678951
202404052345678952
202405102345678953
202406152345678954
202407202345678955
202408252345678956
202409302345678957
202410052345678958
202411102345678959
202412152345678960
202401202345678961
202402252345678962
202403302345678963
202404052345678964
202405102345678965
202406152345678966
202407202345678967
202408252345678968
202409302345678969
202410052345678970
202411102345678971
202412152345678972
202401202345678973
202402252345678974
202403302345678975
202404052345678976
202405102345678977
202406152345678978
202407202345678979
202408252345678980
202409302345678981
202410052345678982
202411102345678983
202412152345678984
202401202345678985
202402252345678986
202403302345678987
202404052345678988
202405102345678989
202406152345678990
202407202345678991
202408252345678992
202409302345678993
202410052345678994
202411102345678995
202412152345678996